4931544620122373085
17434626095219132705
15630363740596575470
5398224897602201649
1897310661523491261
12164624957704981331
1166268282117720932
13790479039919136368
11934605647263246410
13201696439609023554
13441177223371089354
15144149013922364946
2056636025477001000
17193126255090492553
2358758952811380283
17502959905777283052
14551215342215893006
16086792498240402509
2345347602087164810
13036094622859393236
15642319492084356962
6974436454792095199
12925720056461015600
10168098738012032918
8544351933677610061
17193260957641698085
9499663440256884666
3010603242619012762
15546493810315730461
17958318930641303356
14653389583244482574
13792005306447401976
3909983093142594738
8497302600368885417
9966481630052390715
59781408171458186
12328536315484718771
237229867150051575
457964679901382224
12526883743764575952
2243525739911844515
2070561104932062897
12447780195353521703
12221734223493152146
13800461030651033616
17347013826063184330
488411765932811450
16204236402029118584
9282444364932127830
4581350519526024317
3231391331995184333
5066981378082532282
1697797699366118924
9916255022821179477
12931489216318841721
6630979740445027856
12123078044885352951
938502787534728066
8005839914143925376
11992820125775136564
3847699546445056993
3880302274636241883
1777257256250837122
2176493117797983252
11064348945725855300
12630471930869879276
547692937511749479
17709014926659330039
6035366596146193200
14609442480069082617
13619851175051364170
7184557679066535497
10887197766976985354
17074959697747596329
16365842309481786471
5871022652237274037
237984949815243577
9465887098804719454
12838647243526518175
13259294949628624484
14444558568929965530
1754228160605460338
8666555006876103748
6140753928714009616
9414971512694564318
10458514662992137531
11839413142642796936
15288534162668190892
18050676225658514389
17926868277065337299
9614243251971037896
480714288688742023
13654893809639445245
16688458811461489041
11680338505900830350
15673511902096726010
144190006522514773
1723035464082998746
7155656153277630502
7455747462711961713
3596497709276045198
18356320516769828207
13586738923010725519
10891386306763833670
2803052119023609931
2029176528224053515
10724665479542723434
2222222402720982849
5980904331521676416
844248321902296413
15003313865724328739
10228827306379602310
8542379854736945693
12177349410675259499
18086352939284567084
8366633536620968006
12637899454498999611
1533507505397871520
17469436987459708823
13064927653784645840
8312100241515240578
3345691956826951942
2388899641381117396
5775146611965794516
7687763303193906431
5541649394732154403
11003960895749779127
5376665908745181962
14671768286003253114
8028132635912399989
339268373898031184
9048915970082620915
14231209989760976682
11001072496453239742
7919419160751988822
7751667729000390811
12246611762563288554
5756211531437650992
4058161056157565840
17332907128579646415
16990926700583865585
3336508590647803881
13585996953412548248
3275770958752405303
176403795233942773
15365481902886390467
5421622520698897112
10604898993654600877
12574799117186581226
18208966726810542273
11974341951466941062
13307422750634909062
4109617592202113559
9394797441801401929
1659911572945815342
12001177231990671518
16614925019538997980
1251496279662819852
2145386659181213166
13094325087638855236
1346619540598356867
8277853052288092184
14553732022793589548
12149636854959464919
14985718982982135225
15208145095564680294
11053732403549536962
11591553106572272144
8749722302743468456
8371345963371377767
16582757961340125981
470558618508363677
15380407957103420833
1203086650580694214
13276663724049639854
9581104809070004871
12717914395999641202
11394372413918749336
9791048495189814845
5966616528358556533
7094411511579529290
6476860783030971107
287086459679550464
6312455105497370953
18364934979126518817
7243421592571660575
10362569738942710528
515290027528182436
12326243560157791980
3390076313315095789
11767681207536662731
11006958966914082558
8148893062093489969
2155915850109905300
12360600694410840633
8757802528189052495
17087299160824573815
7152266986950281066
3914589763247141596
17499982295992607148
11543321577643026939
9610147588782120962
12780923919483151082
1695888160355123971
18162048212995745132
3423564537535400986
5283070618022413420
1053522514455329894
303618443576452795
8344230347276539603
1258183337767721328
1927315983352063008
2117490676054694841
12021941740867143243
1977082192203242233
5677635092508524373
17811236567579078713
9891505633277967686
336540490833359893
11791822778818364551
731947132115396082
9990009904114440534
15983678762346054586
8279698672557634165
17787584852291706400
11520931060665225141
13213699432355194040
11659496989266004298
5472884035388412117
12438263264133956514
3769243283168636391
8585005084393393652
15577989226521054770
14030687409719989605
13445669559034849956
4749516000113101064
8484232397410351434
17262769854520265795
16663303501240599969
9500216655057654562
17727859370523279971
2629443841617464350
3894072454049529097
15016424578117191813
1451888644204178250
255940290390890848
17827898719981992363
8430948817328574289
12883393145205776769
18376256154239770774
8482571331664824270
16426539177994080831
10369147531475738819
12299552437234125856
2954338827387296461
15386772705423881495
1839340820658344515
12533228195257595125
13958221459866253578
467001066051560111
10021070852344624204
3122539926217287074
18068100074467732566
17968979606466141420
8536172376828667392
13901431466844723962
15969998688416136554
16726917575391657402
2211456523962578743
5848594334582434085
58121676583372917
166247842940936775
12575491196248758976
8161887694472326729
8968577409811746327
4719653785641608052
14270531595945808596
4445280736668885498
9124630597772034099
8468734028044429660
10020039649690482610
15544363312984990091
13670545209738055409
8408373402360226502
17414938665727139901
10279866071239663780
16358507894806564977
9663349406791780454
11947983725251927776
18132228416189146785
12239031362736422321
8401053513663931382
6446619640295302463
17804030612159137114
14563982708379310010
17101828371057437549
8743416624944270364
9538720988914063556
589253497784326572
956018081756137670
15194305375923291768
6750293090469600857
14453777923009522621
2666934025694140965
8932894287859538006
3241197656307530771
9125525535654406914
324571935347776957
14046705452535195063
15269800818579118771
914542366629983117
3358026942568614115
2278543146908295960
1837187719155257879
4736148817078160476
4405402677961752502
7110829538012116761
5221540654630357034
3170040817913087285
4296175798366964575
6412495205427219200
2272192036808454979
12026975198368281462
1768962102871876515
13424314305054817711
610143531399652363
4005899452948099289
2901044085685109022
15975645219901104243
15517402322424405026
2406820310616468500
12305841812638676891
11129029427994225799
16100679318834403208
3925343764336247736
11414880386935320086
5750415896667492425
5524117031202452495
10887711191871158082
13462323670580380227
16583219126332709438
8985387031615902499
15102545405233788548
1018127105000079500
7325450838032065842
10046307435740801123
2982251595115652310
11657926298784566955
7804356532020527650
1956978036223270603
849933650365327318
8708260242422089307
17966924059229953418
7239198766733379036
12407061659684371610
3140613292877264996
4615660397074685694
13288150081225487460
5727680641991672336
13944426207206795518
13403990696937198589
9274641250976458718
13821408951174941120
17111924325348338101
4672349484447273613
6146499581200667918
11814051219396784582
6037482769955451069
17516717974847905466
10890580111495382669
16505847782192579870
4888950894736971507
5023995013671758420
1427699983349992806
1188494256726994045
12333261647854642809
12710541343668946395
4555645451521334084
12893399070199341038
4747379007259635183
9970585183511745455
12737491395052138457
11753091990384981917
16788619396187192287
14367654349811247634
2849762974098081143
6213352506539673685
1837569548532559818
594429676036852753
10664522197487600285
841070828896676512
13487021833220387817
9352862711829229971
8787458052092771939
8084638115830043709
9965578985636786873
17647072775833198299
10147968677439748477
11764152501991092854
6681257813944907851
2542900155993979826
6760778798865380549
8677725385448009948
8229285245344766932
12336173809712815342
14860118831302158766
18123329735849354341
15551563969612044013
6265914026869092542
11502747577995145250
10753564801103846197
12007626962976573387
13020007190607255445
5439765665908548657
11301164261002182723
5642105387877117495
12702812221447469744
7487421088600730051
12426662204055183554
18349968143241755999
12378438633448973738
476351862903542150
3261674899315083888
12641444006091909741
8573904247893018993
12604769445314608719
9033603832741820046
3988693188999610073
6633720392088370659
4636266533221133462
11963793319946520690
17741881166155530742
593534863279401077
11825558063455142983
14837685145218580943
10166285457780920958
13037985678202518098
16481852208434581497
16793875860909022263
7467007727175209485
1778742282161867598
3827606498711574691
6898023875113706605
10880383165286196046
9249360233980715436
7128774399844836922
321705847470368431
11423507943463078413
18379057660411707811
1560211372558057939
9021230084615065069
14572063953738753847
18191432807203833540
5076618328974380273
5452522258090975035
2973272795526852906
18356478752499213411
8756858848035418811
6315193215368447864
9507353360240740540
437366956877458458
2378580117081923176
17381795741261450601
16545560023341808714
2855943223050320364
10501092474986935302
4264278679390875636
9132516671695311242
11853050498562734669
6985750565563333838
3904081475987183200
12571187444884453653
2215997100755220394
6872629149537165888
15377676947189864403
2050328107066666283
17333584631783636241
6713636878639478685
17080814614407301773
9390550992181225821
7941047326596363184
2833585219725845989
11540011574897975828
10231588286603949813
16510422070711580252
4972561183241271374
5628158941223416732
18128884600273704488
3914571697955764958
7899313699857748515
2169121911884295211
3592488309262986217
14908733455072292066
9687664345339581571
12233590054410190589
2905424008648930269
107262331827378409
5423340490435136989
15447378426862035656
12764598046405952249
6402477953035737006
6660644695529372210
14760254731533363276
2189193810017160773
8929202098555180349
552597301551412782
15732298143580695391
3576103288643745116
15857737563448923264
15651220944391445667
2213369557601797945
11064283755150486833
18004017504681788982
14670037028815179943
12284814408521055765
10706572447500439760
10957498072306913126
7869928844022638307
13232097273010686340
10888143448405496186
15673152723751639732
2444705694896596994
2963306227191147993
15808679105805803126
730030207570779385
13632382191484039544
8249758698693730938
5647916120227940830
1237412449966810123
15299608393114359286
10507882489204476398
11520533709453792025
14509389519726346039
2966171942055540684
10331599611624930588
904389012361453921
4538683773378061022
11941956299751028526
3492329585109741027
10399041565434884419
2555651704027702131
6279809076705035074
1665366007442329284
2817643092932358708
18021807461831358596
18241777734464818254
15475152830489541725
7203309522887531381
5980835348693664448
4414944996377499479
17404403973937013851
11295890889986368521
10426785280877302773
16759365674285844836
13389537171107457987
9484342034065529903
13588518537397314843
17478008484226183647
3344588111753130919
7698671347706677528
3815935562617203845
5446650206700810162
14508639831806554377
10240515980020453556
8253522307635599873
11826532337814495048
10311742048831127305
8375378645649330153
16025891338346821790
11203514613963950120
4512974486270006689
8926146764402160932
16476531917291529800
5581859300480263491
7149766751165098454
3036602285051912916
18376969507691968999
16508380622501149106
14041038561650800839
4806740739749201638
4003870589457773230
18105031909864734509
2291811881612677353
55854293465003291
3879401334892002725
3848296537009866670
10738129410561501909
13746055300818896894
15748951942630506203
4202082094158678747
8674036107159078787
3803449320963617283
381895023753969325
12223116826491297531
6378124962800411971
6143843421730983179
14217060461951760214
14799343483334199584
1684235055507072732
14448615779575368296
9245100426639184913
13742354547486052392
14853387063180810009
15753891348699520705
11609235993807421011
3763395657712290316
18033206985808752741
12042537867083039133
6077462838590068658
2109368750950553499
1837576105781713110
17250460833698966762
12229641296795490045
8951949519611835197
17569193948211854493
7290987531247854310
5513467143473271705
4473803786854505849
8175764851371359247
293531630972900294
4207091256129189270
18280087122177264958
11079182169066745578
12001920819773921276
1028628185253261111
13654620475855490247
7906641760952845265
6054815629546664743
14636766389592168634
16928057764485954776
7314657821123435855
16901843716489384976
7238387981788781792
6199450087526186447
12304746055190420724
439547249843860962
378541707467208016
13252934925699924223
2237596512696398264
17560946483944189950
8841866440970138682
12322345551080985296
10213256382575494470
14394728157980642000
6006589464419112572
9052580870217602673
6237909952858002407
4474901682380029235
4548179175369575857
12145662345173267736
17340285863851799864
4468048361455381812
18102592398280903848
2908514811792566258
17681226672147045852
10893657430211039658
5313413105356391690
570362957472710688
13691589472156969943
11753180603160103236
41466189131800534
2671330347985819337
4025670912135199929
10841799152778606854
4971940651260792779
16186153760860655319
1718723393578100133
8916162830333015142
4909417649494368951
1833800982678254504
15886010350575371392
6003655045119626747
13667458719301053218
6154714110937772236
6800833512239293908
8946613864929297071
6926909784411359046
10691060534498727537
5776501548491097591
5633639664881367433
1940078591766806225
9396250737181245394
13027859600962354877
4718813989983723378
3427862816842291697
4546834257331793799
12196143311255114948
2137810245847075131
3389166007492768674
3728781681615848705
11157989162393896555
774257366945074389
15364391807033062506
309486745517909162
7095642954672554490
3172747771688732927
5017816095956785787
15533615410177260431
10865437466307035020
7248332563218213093
1359897240646880744
6023361127846373645
339314739408336683
13983551994023499987
2672868566756048121
7543991669671188561
7649668898341424046
5673533986549200357
6522866984040207236
1393638232539710829
3802357134041725785
8637656608944161675
16281748752024682514
5229044147996320346
10613315011209576760
1498973693749546305
15426538177578419977
1213700219865844943
8774558817412524568
9064555635428707334
6902273827242485734
14633185059981196034
15416180363979050228
3220448580671634535
10722876237542304776
4431761821405466434
13680415366925998803
11931111136678543566
16175796361011609542
15532433241195652397
9917356681026747691
10709359444502555147
7940882502181882803
1427552417870313476
4786580474269062561
12457221907680320414
3832649447569698965
6476834296304842181
6571631110150036065
11413449907064447221
2333595847061980542
2048286439297106040
3522210703527358294
572476484511587452
12031499192263536031
7365755716430511644
6032646909800320166
7209709311098582261
1843154540003108047
3016906815323840160
12903756574319208969
12601237730092700983
13293512904226033401
7096714818876071730
14314233525264937969
299044934996536150
18270267908088644368
18374300360093770416
996170626835692597
18125954151085431682
500719374142305722
1417662274155879354
11435090003023292722
214079978153519492
14349994123347337939
11648022224097949049
17612005004184856341
17625958794251264988
